{
  "oldParams": true,
  "wave_type": 3,
  "p_env_attack": 0,
  "p_env_sustain": 0.20331141018798116,
  "p_env_punch": 0.6368481040964591,
  "p_env_decay": 0.583,
  "p_base_freq": 0.09814218636970942,
  "p_freq_limit": 0,
  "p_freq_ramp": -0.29586546397671026,
  "p_freq_dramp": 0,
  "p_vib_strength": 0.16298960988515415,
  "p_vib_speed": 0.24805884885595803,
  "p_arp_mod": -0.055380123819391835,
  "p_arp_speed": 0.7651326555680835,
  "p_duty": 0,
  "p_duty_ramp": 0,
  "p_repeat_speed": 0,
  "p_pha_offset": 0,
  "p_pha_ramp": 0,
  "p_lpf_freq": 1,
  "p_lpf_ramp": 0,
  "p_lpf_resonance": 0,
  "p_hpf_freq": 0,
  "p_hpf_ramp": 0,
  "sound_vol": 0.25,
  "sample_rate": 44100,
  "sample_size": 16
}
